5 0.92 1.5
5.2 0.92 1.5
5.2 3.68 3.03
6.00 3.680000 3.030000
7.00 3.680000 3.030000
8.00 3.680000 3.030000
9.00 3.680000 3.030000
10.00 3.680000 3.030000
11.00 3.680000 3.030000
12 3.68 3.03
12 4.84 3.34
13.00 4.839839 3.340644
14.00 4.839660 3.341360
15.00 4.839481 3.342075
16.00 4.839302 3.342791
17.00 4.839123 3.343506
18.00 4.838945 3.344222
19.00 4.838766 3.344937
20.00 4.838587 3.345653
21.00 4.838408 3.346369
22.00 4.838229 3.347084
23.00 4.838050 3.347800
24.00 4.837871 3.348515
25.00 4.837692 3.349231
26.00 4.837513 3.349946
27.00 4.837335 3.350662
28.00 4.837156 3.351377
29.00 4.836977 3.352093
30.00 4.836798 3.352809
31.00 4.836619 3.353524
32.00 4.836440 3.354240
33.00 4.836261 3.354955
34.00 4.836082 3.355671
35.00 4.835903 3.356386
36.00 4.835725 3.357102
37.00 4.835546 3.357818
38.00 4.835367 3.358533
39.00 4.835188 3.359249
40.00 4.835009 3.359964
41.00 4.834830 3.360680
42.00 4.834651 3.361395
43.00 4.834472 3.362111
44.00 4.834293 3.362826
45.00 4.834114 3.363542
46.00 4.833936 3.364258
47.00 4.833757 3.364973
48.00 4.833578 3.365689
49.00 4.833399 3.366404
50.00 4.833220 3.367120
51.00 4.833041 3.367835
52.00 4.832862 3.368551
53.00 4.832683 3.369267
54.00 4.832504 3.369982
55.00 4.832326 3.370698
56.00 4.832147 3.371413
57.00 4.831968 3.372129
58.00 4.831789 3.372844
59.00 4.831610 3.373560
60.00 4.831431 3.374275
61.00 4.831252 3.374991
62.00 4.831073 3.375707
63.00 4.830894 3.376422
64.00 4.830716 3.377138
65.00 4.830537 3.377853
66.00 4.830358 3.378569
67.00 4.830179 3.379284
68 4.83 3.38
68 4.56 3.35
69.00 4.557978 3.350552
70.00 4.555730 3.351164
71.00 4.553483 3.351777
72.00 4.551236 3.352390
73.00 4.548989 3.353003
74.00 4.546742 3.353616
75.00 4.544494 3.354229
76.00 4.542247 3.354842
77.00 4.540000 3.355455
78.00 4.537753 3.356067
79.00 4.535506 3.356680
80.00 4.533258 3.357293
81.00 4.531011 3.357906
82.00 4.528764 3.358519
83.00 4.526517 3.359132
84.00 4.524270 3.359745
85.00 4.522022 3.360358
86.00 4.519775 3.360970
87.00 4.517528 3.361583
88.00 4.515281 3.362196
89.00 4.513034 3.362809
90.00 4.510787 3.363422
91.00 4.508539 3.364035
92.00 4.506292 3.364648
93.00 4.504045 3.365260
94.00 4.501798 3.365873
95.00 4.499551 3.366486
96.00 4.497303 3.367099
97.00 4.495056 3.367712
98.00 4.492809 3.368325
99.00 4.490562 3.368938
100.00 4.488315 3.369551
101.00 4.486067 3.370163
102.00 4.483820 3.370776
103.00 4.481573 3.371389
104.00 4.479326 3.372002
105.00 4.477079 3.372615
106.00 4.474831 3.373228
107.00 4.472584 3.373841
108.00 4.470337 3.374454
109.00 4.468090 3.375066
110.00 4.465843 3.375679
111.00 4.463596 3.376292
112.00 4.461348 3.376905
113.00 4.459101 3.377518
114.00 4.456854 3.378131
115.00 4.454607 3.378744
116.00 4.452360 3.379356
117.00 4.450112 3.379969
118.00 4.447865 3.380582
119.00 4.445618 3.381195
120.00 4.443371 3.381808
121.00 4.441124 3.382421
122.00 4.438876 3.383034
123.00 4.436629 3.383647
124.00 4.434382 3.384259
125.00 4.432135 3.384872
126.00 4.429888 3.385485
127.00 4.427640 3.386098
128.00 4.425393 3.386711
129.00 4.423146 3.387324
130.00 4.420899 3.387937
131.00 4.418652 3.388550
132.00 4.416404 3.389162
133.00 4.414157 3.389775
134.00 4.411910 3.390388
135.00 4.409663 3.391001
136.00 4.407416 3.391614
137.00 4.405169 3.392227
138.00 4.402921 3.392840
139.00 4.400674 3.393453
140.00 4.398427 3.394065
141.00 4.396180 3.394678
142.00 4.393933 3.395291
143.00 4.391685 3.395904
144.00 4.389438 3.396517
145.00 4.387191 3.397130
146.00 4.384944 3.397743
147.00 4.382697 3.398355
148.00 4.380449 3.398968
149.00 4.378202 3.399581
150.00 4.375955 3.400194
151.00 4.373708 3.400807
152.00 4.371461 3.401420
153.00 4.369213 3.402033
154.00 4.366966 3.402646
155.00 4.364719 3.403258
156.00 4.362472 3.403871
157.00 4.360225 3.404484
158.00 4.357978 3.405097
159.00 4.355730 3.405710
160.00 4.353483 3.406323
161.00 4.351236 3.406936
162.00 4.348989 3.407549
163.00 4.346742 3.408161
164.00 4.344494 3.408774
165.00 4.342247 3.409387
166 4.34 3.41
166 4.29 3.42
167.00 4.291989 3.420579
168.00 4.294198 3.421221
169.00 4.296408 3.421864
170.00 4.298618 3.422507
171.00 4.300828 3.423150
172.00 4.303037 3.423793
173.00 4.305247 3.424436
174.00 4.307457 3.425078
175.00 4.309667 3.425721
176.00 4.311876 3.426364
177.00 4.314086 3.427007
178.00 4.316296 3.427650
179.00 4.318505 3.428292
180.00 4.320715 3.428935
181.00 4.322925 3.429578
182.00 4.325135 3.430221
183.00 4.327344 3.430864
184.00 4.329554 3.431507
185.00 4.331764 3.432149
186.00 4.333973 3.432792
187.00 4.336183 3.433435
188.00 4.338393 3.434078
189.00 4.340603 3.434721
190.00 4.342812 3.435364
191.00 4.345022 3.436006
192.00 4.347232 3.436649
193.00 4.349442 3.437292
194.00 4.351651 3.437935
195.00 4.353861 3.438578
196.00 4.356071 3.439221
197.00 4.358280 3.439863
198.00 4.360490 3.440506
199.00 4.362700 3.441149
200.00 4.364910 3.441792
201.00 4.367119 3.442435
202.00 4.369329 3.443078
203.00 4.371539 3.443720
204.00 4.373748 3.444363
205.00 4.375958 3.445006
206.00 4.378168 3.445649
207.00 4.380378 3.446292
208.00 4.382587 3.446935
209.00 4.384797 3.447577
210.00 4.387007 3.448220
211.00 4.389217 3.448863
212.00 4.391426 3.449506
213.00 4.393636 3.450149
214.00 4.395846 3.450791
215.00 4.398055 3.451434
216.00 4.400265 3.452077
217.00 4.402475 3.452720
218.00 4.404685 3.453363
219.00 4.406894 3.454006
220.00 4.409104 3.454648
221.00 4.411314 3.455291
222.00 4.413524 3.455934
223.00 4.415733 3.456577
224.00 4.417943 3.457220
225.00 4.420153 3.457863
226.00 4.422362 3.458505
227.00 4.424572 3.459148
228.00 4.426782 3.459791
229.00 4.428992 3.460434
230.00 4.431201 3.461077
231.00 4.433411 3.461720
232.00 4.435621 3.462362
233.00 4.437830 3.463005
234.00 4.440040 3.463648
235.00 4.442250 3.464291
236.00 4.444460 3.464934
237.00 4.446669 3.465577
238.00 4.448879 3.466219
239.00 4.451089 3.466862
240.00 4.453299 3.467505
241.00 4.455508 3.468148
242.00 4.457718 3.468791
243.00 4.459928 3.469434
244.00 4.462137 3.470076
245.00 4.464347 3.470719
246.00 4.466557 3.471362
247.00 4.468767 3.472005
248.00 4.470976 3.472648
249.00 4.473186 3.473290
250.00 4.475396 3.473933
251.00 4.477605 3.474576
252.00 4.479815 3.475219
253.00 4.482025 3.475862
254.00 4.484235 3.476505
255.00 4.486444 3.477147
256.00 4.488654 3.477790
257.00 4.490864 3.478433
258.00 4.493074 3.479076
259.00 4.495283 3.479719
260.00 4.497493 3.480362
261.00 4.499703 3.481004
262.00 4.501912 3.481647
263.00 4.504122 3.482290
264.00 4.506332 3.482933
265.00 4.508542 3.483576
266.00 4.510751 3.484219
267.00 4.512961 3.484861
268.00 4.515171 3.485504
269.00 4.517380 3.486147
270.00 4.519590 3.486790
271.00 4.521800 3.487433
272.00 4.524010 3.488076
273.00 4.526219 3.488718
274.00 4.528429 3.489361
275.00 4.530639 3.490004
276.00 4.532849 3.490647
277.00 4.535058 3.491290
278.00 4.537268 3.491933
279.00 4.539478 3.492575
280.00 4.541687 3.493218
281.00 4.543897 3.493861
282.00 4.546107 3.494504
283.00 4.548317 3.495147
284.00 4.550526 3.495789
285.00 4.552736 3.496432
286.00 4.554946 3.497075
287.00 4.557155 3.497718
288.00 4.559365 3.498361
289.00 4.561575 3.499004
290.00 4.563785 3.499646
291.00 4.565994 3.500289
292.00 4.568204 3.500932
293.00 4.570414 3.501575
294.00 4.572624 3.502218
295.00 4.574833 3.502861
296.00 4.577043 3.503503
297.00 4.579253 3.504146
298.00 4.581462 3.504789
299.00 4.583672 3.505432
300.00 4.585882 3.506075
301.00 4.588092 3.506718
302.00 4.590301 3.507360
303.00 4.592511 3.508003
304.00 4.594721 3.508646
305.00 4.596930 3.509289
306.00 4.599140 3.509932
307.00 4.601350 3.510575
308.00 4.603560 3.511217
309.00 4.605769 3.511860
310.00 4.607979 3.512503
311.00 4.610189 3.513146
312.00 4.612399 3.513789
313.00 4.614608 3.514431
314.00 4.616818 3.515074
315.00 4.619028 3.515717
316.00 4.621237 3.516360
317.00 4.623447 3.517003
318.00 4.625657 3.517646
319.00 4.627867 3.518288
320.00 4.630076 3.518931
321.00 4.632286 3.519574
322.00 4.634496 3.520217
323.00 4.636706 3.520860
324.00 4.638915 3.521503
325.00 4.641125 3.522145
326.00 4.643335 3.522788
327.00 4.645544 3.523431
328.00 4.647754 3.524074
329.00 4.649964 3.524717
330.00 4.652174 3.525360
331.00 4.654383 3.526002
332.00 4.656593 3.526645
333.00 4.658803 3.527288
334.00 4.661012 3.527931
335.00 4.663222 3.528574
336.00 4.665432 3.529217
337.00 4.667642 3.529859
338.00 4.669851 3.530502
339.00 4.672061 3.531145
340.00 4.674271 3.531788
341.00 4.676481 3.532431
342.00 4.678690 3.533074
343.00 4.680900 3.533716
344.00 4.683110 3.534359
345.00 4.685319 3.535002
346.00 4.687529 3.535645
347.00 4.689739 3.536288
348.00 4.691949 3.536930
349.00 4.694158 3.537573
350.00 4.696368 3.538216
351.00 4.698578 3.538859
352.00 4.700787 3.539502
353.00 4.702997 3.540145
354.00 4.705207 3.540787
355.00 4.707417 3.541430
356.00 4.709626 3.542073
357.00 4.711836 3.542716
358.00 4.714046 3.543359
359.00 4.716256 3.544002
360.00 4.718465 3.544644
361.00 4.720675 3.545287
362.00 4.722885 3.545930
363.00 4.725094 3.546573
364.00 4.727304 3.547216
365.00 4.729514 3.547859
366.00 4.731724 3.548501
367.00 4.733933 3.549144
368.00 4.736143 3.549787
369.00 4.738353 3.550430
370.00 4.740562 3.551073
371.00 4.742772 3.551716
372.00 4.744982 3.552358
373.00 4.747192 3.553001
374.00 4.749401 3.553644
375.00 4.751611 3.554287
376.00 4.753821 3.554930
377.00 4.756031 3.555573
378.00 4.758240 3.556215
379.00 4.760450 3.556858
380.00 4.762660 3.557501
381.00 4.764869 3.558144
382.00 4.767079 3.558787
383.00 4.769289 3.559429
384.00 4.771499 3.560072
385.00 4.773708 3.560715
386.00 4.775918 3.561358
387.00 4.778128 3.562001
388.00 4.780337 3.562644
389.00 4.782547 3.563286
390.00 4.784757 3.563929
391.00 4.786967 3.564572
392.00 4.789176 3.565215
393.00 4.791386 3.565858
394.00 4.793596 3.566501
395.00 4.795806 3.567143
396.00 4.798015 3.567786
397.00 4.800225 3.568429
398.00 4.802435 3.569072
399.00 4.804644 3.569715
400.00 4.806854 3.570358
401.00 4.809064 3.571000
402.00 4.811274 3.571643
403.00 4.813483 3.572286
404.00 4.815693 3.572929
405.00 4.817903 3.573572
406.00 4.820112 3.574215
407.00 4.822322 3.574857
408.00 4.824532 3.575500
409.00 4.826742 3.576143
410.00 4.828951 3.576786
411.00 4.831161 3.577429
412.00 4.833371 3.578072
413.00 4.835581 3.578714
414.00 4.837790 3.579357
415 4.84 3.58
415 5.04 3.71
416.00 5.041567 3.711371
417.00 5.043308 3.712894
418.00 5.045049 3.714418
419.00 5.046790 3.715941
420.00 5.048531 3.717465
421.00 5.050272 3.718988
422.00 5.052013 3.720511
423.00 5.053754 3.722035
424.00 5.055495 3.723558
425.00 5.057236 3.725082
426.00 5.058977 3.726605
427.00 5.060718 3.728128
428.00 5.062459 3.729652
429.00 5.064200 3.731175
430.00 5.065941 3.732699
431.00 5.067682 3.734222
432.00 5.069423 3.735745
433.00 5.071164 3.737269
434.00 5.072905 3.738792
435.00 5.074646 3.740316
436.00 5.076387 3.741839
437.00 5.078128 3.743362
438.00 5.079869 3.744886
439.00 5.081610 3.746409
440.00 5.083351 3.747933
441.00 5.085092 3.749456
442.00 5.086834 3.750979
443.00 5.088575 3.752503
444.00 5.090316 3.754026
445.00 5.092057 3.755550
446.00 5.093798 3.757073
447.00 5.095539 3.758596
448.00 5.097280 3.760120
449.00 5.099021 3.761643
450.00 5.100762 3.763166
451.00 5.102503 3.764690
452.00 5.104244 3.766213
453.00 5.105985 3.767737
454.00 5.107726 3.769260
455.00 5.109467 3.770783
456.00 5.111208 3.772307
457.00 5.112949 3.773830
458.00 5.114690 3.775354
459.00 5.116431 3.776877
460.00 5.118172 3.778400
461.00 5.119913 3.779924
462.00 5.121654 3.781447
463.00 5.123395 3.782971
464.00 5.125136 3.784494
465.00 5.126877 3.786017
466.00 5.128618 3.787541
467.00 5.130359 3.789064
468.00 5.132100 3.790588
469.00 5.133841 3.792111
470.00 5.135582 3.793634
471.00 5.137323 3.795158
472.00 5.139064 3.796681
473.00 5.140805 3.798205
474.00 5.142546 3.799728
475.00 5.144287 3.801251
476.00 5.146028 3.802775
477.00 5.147769 3.804298
478.00 5.149510 3.805822
479.00 5.151251 3.807345
480.00 5.152992 3.808868
481.00 5.154733 3.810392
482.00 5.156474 3.811915
483.00 5.158215 3.813439
484.00 5.159956 3.814962
485.00 5.161697 3.816485
486.00 5.163439 3.818009
487.00 5.165180 3.819532
488.00 5.166921 3.821055
489.00 5.168662 3.822579
490.00 5.170403 3.824102
491.00 5.172144 3.825626
492.00 5.173885 3.827149
493.00 5.175626 3.828672
494.00 5.177367 3.830196
495.00 5.179108 3.831719
496.00 5.180849 3.833243
497.00 5.182590 3.834766
498.00 5.184331 3.836289
499.00 5.186072 3.837813
500.00 5.187813 3.839336
501.00 5.189554 3.840860
502.00 5.191295 3.842383
503.00 5.193036 3.843906
504.00 5.194777 3.845430
505.00 5.196518 3.846953
506.00 5.198259 3.848477
507 5.2 3.85
507 5.28 3.88
508.00 5.280938 3.880876
509.00 5.281981 3.881849
510.00 5.283023 3.882821
511.00 5.284065 3.883794
512.00 5.285108 3.884767
513.00 5.286150 3.885740
514.00 5.287192 3.886713
515.00 5.288235 3.887686
516.00 5.289277 3.888659
517.00 5.290320 3.889632
518.00 5.291362 3.890605
519.00 5.292404 3.891577
520.00 5.293447 3.892550
521.00 5.294489 3.893523
522.00 5.295532 3.894496
523.00 5.296574 3.895469
524.00 5.297616 3.896442
525.00 5.298659 3.897415
526.00 5.299701 3.898388
527.00 5.300744 3.899361
528.00 5.301786 3.900334
529.00 5.302828 3.901306
530.00 5.303871 3.902279
531.00 5.304913 3.903252
532.00 5.305956 3.904225
533.00 5.306998 3.905198
534.00 5.308040 3.906171
535.00 5.309083 3.907144
536.00 5.310125 3.908117
537.00 5.311167 3.909090
538.00 5.312210 3.910063
539.00 5.313252 3.911035
540.00 5.314295 3.912008
541.00 5.315337 3.912981
542.00 5.316379 3.913954
543.00 5.317422 3.914927
544.00 5.318464 3.915900
545.00 5.319507 3.916873
546.00 5.320549 3.917846
547.00 5.321591 3.918819
548.00 5.322634 3.919792
549.00 5.323676 3.920764
550.00 5.324719 3.921737
551.00 5.325761 3.922710
552.00 5.326803 3.923683
553.00 5.327846 3.924656
554.00 5.328888 3.925629
555.00 5.329931 3.926602
556.00 5.330973 3.927575
557.00 5.332015 3.928548
558.00 5.333058 3.929521
559.00 5.334100 3.930493
560.00 5.335142 3.931466
561.00 5.336185 3.932439
562.00 5.337227 3.933412
563.00 5.338270 3.934385
564.00 5.339312 3.935358
565.00 5.340354 3.936331
566.00 5.341397 3.937304
567.00 5.342439 3.938277
568.00 5.343482 3.939249
569.00 5.344524 3.940222
570.00 5.345566 3.941195
571.00 5.346609 3.942168
572.00 5.347651 3.943141
573.00 5.348694 3.944114
574.00 5.349736 3.945087
575.00 5.350778 3.946060
576.00 5.351821 3.947033
577.00 5.352863 3.948006
578.00 5.353905 3.948978
579.00 5.354948 3.949951
580.00 5.355990 3.950924
581.00 5.357033 3.951897
582.00 5.358075 3.952870
583.00 5.359117 3.953843
584.00 5.360160 3.954816
585.00 5.361202 3.955789
586.00 5.362245 3.956762
587.00 5.363287 3.957735
588.00 5.364329 3.958707
589.00 5.365372 3.959680
590.00 5.366414 3.960653
591.00 5.367457 3.961626
592.00 5.368499 3.962599
593.00 5.369541 3.963572
594.00 5.370584 3.964545
595.00 5.371626 3.965518
596.00 5.372669 3.966491
597.00 5.373711 3.967464
598.00 5.374753 3.968436
599.00 5.375796 3.969409
600.00 5.376838 3.970382
601.00 5.377880 3.971355
602.00 5.378923 3.972328
603.00 5.379965 3.973301
604.00 5.381008 3.974274
605.00 5.382050 3.975247
606.00 5.383092 3.976220
607.00 5.384135 3.977192
608.00 5.385177 3.978165
609.00 5.386220 3.979138
610.00 5.387262 3.980111
611.00 5.388304 3.981084
612.00 5.389347 3.982057
613.00 5.390389 3.983030
614.00 5.391432 3.984003
615.00 5.392474 3.984976
616.00 5.393516 3.985949
617.00 5.394559 3.986921
618.00 5.395601 3.987894
619.00 5.396644 3.988867
620.00 5.397686 3.989840
621.00 5.398728 3.990813
622.00 5.399771 3.991786
623.00 5.400813 3.992759
624.00 5.401855 3.993732
625.00 5.402898 3.994705
626.00 5.403940 3.995678
627.00 5.404983 3.996650
628.00 5.406025 3.997623
629.00 5.407067 3.998596
630.00 5.408110 3.999569
631.00 5.409152 4.000542
632.00 5.410195 4.001515
633.00 5.411237 4.002488
634.00 5.412279 4.003461
635.00 5.413322 4.004434
636.00 5.414364 4.005407
637.00 5.415407 4.006379
638.00 5.416449 4.007352
639.00 5.417491 4.008325
640.00 5.418534 4.009298
641.00 5.419576 4.010271
642.00 5.420618 4.011244
643.00 5.421661 4.012217
644.00 5.422703 4.013190
645.00 5.423746 4.014163
646.00 5.424788 4.015136
647.00 5.425830 4.016108
648.00 5.426873 4.017081
649.00 5.427915 4.018054
650.00 5.428958 4.019027
651 5.43 4.02
651 5.97 4.29
